SAP2000 v16.1.1    5/1/14 0:03:07

Table:  Element Forces - Frames

       Frame     Station  OutputCase    CaseType           P          V2          V3           T          M2          M3   FrameElem ElemStation
                       m                                  KN          KN          KN        KN-m        KN-m        KN-m                       m

           1     0.00000        LIVE   LinStatic       2.739       0.000       0.000      0.0000      0.0000      0.0000         1-1     0.00000
           1     0.50000        LIVE   LinStatic       2.739       0.000       0.000      0.0000      0.0000      0.0000         1-1     0.50000
           1     1.00000        LIVE   LinStatic       2.739       0.000       0.000      0.0000      0.0000      0.0000         1-1     1.00000
           1     1.50000        LIVE   LinStatic       2.739       0.000       0.000      0.0000      0.0000      0.0000         1-1     1.50000
           1     2.00000        LIVE   LinStatic       2.739       0.000       0.000      0.0000      0.0000      0.0000         1-1     2.00000
           1     2.50000        LIVE   LinStatic       2.739       0.000       0.000      0.0000      0.0000      0.0000         1-1     2.50000
           1     3.00000        LIVE   LinStatic       2.739       0.000       0.000      0.0000      0.0000      0.0000         1-1     3.00000
           1     3.50000        LIVE   LinStatic       2.739       0.000       0.000      0.0000      0.0000      0.0000         1-1     3.50000
           1     4.00000        LIVE   LinStatic       2.739       0.000       0.000      0.0000      0.0000      0.0000         1-1     4.00000
           2     0.00000        LIVE   LinStatic       0.424   6.355E-04       0.000      0.0000      0.0000      0.0013         2-1     0.00000
           2     2.00000        LIVE   LinStatic       0.424   6.355E-04       0.000      0.0000      0.0000      0.0000         2-1     2.00000
           2     4.00000        LIVE   LinStatic       0.424   6.355E-04       0.000      0.0000      0.0000     -0.0013         2-1     4.00000
           3     0.00000        LIVE   LinStatic      -1.836   2.542E-04       0.000      0.0000      0.0000   5.084E-04         3-1     0.00000
           3     2.00000        LIVE   LinStatic      -1.836   2.542E-04       0.000      0.0000      0.0000      0.0000         3-1     2.00000
           3     4.00000        LIVE   LinStatic      -1.836   2.542E-04       0.000      0.0000      0.0000  -5.084E-04         3-1     4.00000
           4     0.00000        LIVE   LinStatic      -1.836  -2.542E-04       0.000      0.0000      0.0000  -5.084E-04         4-1     0.00000
           4     2.00000        LIVE   LinStatic      -1.836  -2.542E-04       0.000      0.0000      0.0000      0.0000         4-1     2.00000
           4     4.00000        LIVE   LinStatic      -1.836  -2.542E-04       0.000      0.0000      0.0000   5.084E-04         4-1     4.00000
           5     0.00000        LIVE   LinStatic       0.424  -6.355E-04       0.000      0.0000      0.0000     -0.0013         5-1     0.00000
           5     2.00000        LIVE   LinStatic       0.424  -6.355E-04       0.000      0.0000      0.0000      0.0000         5-1     2.00000
           5     4.00000        LIVE   LinStatic       0.424  -6.355E-04       0.000      0.0000      0.0000      0.0013         5-1     4.00000
           6     0.00000        LIVE   LinStatic      -2.260  -7.626E-04       0.000      0.0000      0.0000     -0.0015         6-1     0.00000
           6     2.00000        LIVE   LinStatic      -2.260  -7.626E-04       0.000      0.0000      0.0000      0.0000         6-1     2.00000
           6     4.00000        LIVE   LinStatic      -2.260  -7.626E-04       0.000      0.0000      0.0000      0.0015         6-1     4.00000
           7     0.00000        LIVE   LinStatic      -2.260   7.626E-04       0.000      0.0000      0.0000      0.0015         7-1     0.00000
           7     2.00000        LIVE   LinStatic      -2.260   7.626E-04       0.000      0.0000      0.0000      0.0000         7-1     2.00000
           7     4.00000        LIVE   LinStatic      -2.260   7.626E-04       0.000      0.0000      0.0000     -0.0015         7-1     4.00000
           8     0.00000        LIVE   LinStatic      -2.259       0.000       0.000      0.0000      0.0000      0.0000         8-1     0.00000
           8     0.50000        LIVE   LinStatic      -2.259       0.000       0.000      0.0000      0.0000      0.0000         8-1     0.50000
           8     1.00000        LIVE   LinStatic      -2.259       0.000       0.000      0.0000      0.0000      0.0000         8-1     1.00000
           8     1.50000        LIVE   LinStatic      -2.259       0.000       0.000      0.0000      0.0000      0.0000         8-1     1.50000
           8     2.00000        LIVE   LinStatic      -2.259       0.000       0.000      0.0000      0.0000      0.0000         8-1     2.00000
           8     2.50000        LIVE   LinStatic      -2.259       0.000       0.000      0.0000      0.0000      0.0000         8-1     2.50000
           8     3.00000        LIVE   LinStatic      -2.259       0.000       0.000      0.0000      0.0000      0.0000         8-1     3.00000
           8     3.50000        LIVE   LinStatic      -2.259       0.000       0.000      0.0000      0.0000      0.0000         8-1     3.50000
           8     4.00000        LIVE   LinStatic      -2.259       0.000       0.000      0.0000      0.0000      0.0000         8-1     4.00000
           9     0.00000        LIVE   LinStatic       7.683       0.000       0.000      0.0000      0.0000      0.0000         9-1     0.00000
           9     0.50000        LIVE   LinStatic       7.683       0.000       0.000      0.0000      0.0000      0.0000         9-1     0.50000
           9     1.00000        LIVE   LinStatic       7.683       0.000       0.000      0.0000      0.0000      0.0000         9-1     1.00000
           9     1.50000        LIVE   LinStatic       7.683       0.000       0.000      0.0000      0.0000      0.0000         9-1     1.50000
           9     2.00000        LIVE   LinStatic       7.683       0.000       0.000      0.0000      0.0000      0.0000         9-1     2.00000
           9     2.50000        LIVE   LinStatic       7.683       0.000       0.000      0.0000      0.0000      0.0000         9-1     2.50000
           9     3.00000        LIVE   LinStatic       7.683       0.000       0.000      0.0000      0.0000      0.0000         9-1     3.00000
           9     3.50000        LIVE   LinStatic       7.683       0.000       0.000      0.0000      0.0000      0.0000         9-1     3.50000
           9     4.00000        LIVE   LinStatic       7.683       0.000       0.000      0.0000      0.0000      0.0000         9-1     4.00000
          10     0.00000        LIVE   LinStatic      -7.314       0.000       0.000      0.0000      0.0000      0.0000        10-1     0.00000
          10     0.50000        LIVE   LinStatic      -7.314       0.000       0.000      0.0000      0.0000      0.0000        10-1     0.50000
          10     1.00000        LIVE   LinStatic      -7.314       0.000       0.000      0.0000      0.0000      0.0000        10-1     1.00000
          10     1.50000        LIVE   LinStatic      -7.314       0.000       0.000      0.0000      0.0000      0.0000        10-1     1.50000
          10     2.00000        LIVE   LinStatic      -7.314       0.000       0.000      0.0000      0.0000      0.0000        10-1     2.00000
          10     2.50000        LIVE   LinStatic      -7.314       0.000       0.000      0.0000      0.0000      0.0000        10-1     2.50000
          10     3.00000        LIVE   LinStatic      -7.314       0.000       0.000      0.0000      0.0000      0.0000        10-1     3.00000
          10     3.50000        LIVE   LinStatic      -7.314       0.000       0.000      0.0000      0.0000      0.0000        10-1     3.50000
          10     4.00000        LIVE   LinStatic      -7.314       0.000       0.000      0.0000      0.0000      0.0000        10-1     4.00000
          11     0.00000        LIVE   LinStatic      10.478       0.000       0.000      0.0000      0.0000      0.0000        11-1     0.00000
          11     0.50000        LIVE   LinStatic      10.478       0.000       0.000      0.0000      0.0000      0.0000        11-1     0.50000
          11     1.00000        LIVE   LinStatic      10.478       0.000       0.000      0.0000      0.0000      0.0000        11-1     1.00000
          11     1.50000        LIVE   LinStatic      10.478       0.000       0.000      0.0000      0.0000      0.0000        11-1     1.50000
          11     2.00000        LIVE   LinStatic      10.478       0.000       0.000      0.0000      0.0000      0.0000        11-1     2.00000
          11     2.50000        LIVE   LinStatic      10.478       0.000       0.000      0.0000      0.0000      0.0000        11-1     2.50000
          11     3.00000        LIVE   LinStatic      10.478       0.000       0.000      0.0000      0.0000      0.0000        11-1     3.00000
          11     3.50000        LIVE   LinStatic      10.478       0.000       0.000      0.0000      0.0000      0.0000        11-1     3.50000
          11     4.00000        LIVE   LinStatic      10.478       0.000       0.000      0.0000      0.0000      0.0000        11-1     4.00000
          12     0.00000        LIVE   LinStatic      -9.519       0.000       0.000      0.0000      0.0000      0.0000        12-1     0.00000
          12     0.50000        LIVE   LinStatic      -9.519       0.000       0.000      0.0000      0.0000      0.0000        12-1     0.50000
          12     1.00000        LIVE   LinStatic      -9.519       0.000       0.000      0.0000      0.0000      0.0000        12-1     1.00000
          12     1.50000        LIVE   LinStatic      -9.519       0.000       0.000      0.0000      0.0000      0.0000        12-1     1.50000
          12     2.00000        LIVE   LinStatic      -9.519       0.000       0.000      0.0000      0.0000      0.0000        12-1     2.00000
          12     2.50000        LIVE   LinStatic      -9.519       0.000       0.000      0.0000      0.0000      0.0000        12-1     2.50000
          12     3.00000        LIVE   LinStatic      -9.519       0.000       0.000      0.0000      0.0000      0.0000        12-1     3.00000
          12     3.50000        LIVE   LinStatic      -9.519       0.000       0.000      0.0000      0.0000      0.0000        12-1     3.50000
          12     4.00000        LIVE   LinStatic      -9.519       0.000       0.000      0.0000      0.0000      0.0000        12-1     4.00000
          13     0.00000        LIVE   LinStatic       7.683       0.000       0.000      0.0000      0.0000      0.0000        13-1     0.00000
          13     0.50000        LIVE   LinStatic       7.683       0.000       0.000      0.0000      0.0000      0.0000        13-1     0.50000
          13     1.00000        LIVE   LinStatic       7.683       0.000       0.000      0.0000      0.0000      0.0000        13-1     1.00000
          13     1.50000        LIVE   LinStatic       7.683       0.000       0.000      0.0000      0.0000      0.0000        13-1     1.50000
          13     2.00000        LIVE   LinStatic       7.683       0.000       0.000      0.0000      0.0000      0.0000        13-1     2.00000
          13     2.50000        LIVE   LinStatic       7.683       0.000       0.000      0.0000      0.0000      0.0000        13-1     2.50000
          13     3.00000        LIVE   LinStatic       7.683       0.000       0.000      0.0000      0.0000      0.0000        13-1     3.00000
          13     3.50000        LIVE   LinStatic       7.683       0.000       0.000      0.0000      0.0000      0.0000        13-1     3.50000
          13     4.00000        LIVE   LinStatic       7.683       0.000       0.000      0.0000      0.0000      0.0000        13-1     4.00000
          14     0.00000        LIVE   LinStatic      -7.314       0.000       0.000      0.0000      0.0000      0.0000        14-1     0.00000
          14     0.50000        LIVE   LinStatic      -7.314       0.000       0.000      0.0000      0.0000      0.0000        14-1     0.50000
          14     1.00000        LIVE   LinStatic      -7.314       0.000       0.000      0.0000      0.0000      0.0000        14-1     1.00000
          14     1.50000        LIVE   LinStatic      -7.314       0.000       0.000      0.0000      0.0000      0.0000        14-1     1.50000
          14     2.00000        LIVE   LinStatic      -7.314       0.000       0.000      0.0000      0.0000      0.0000        14-1     2.00000
          14     2.50000        LIVE   LinStatic      -7.314       0.000       0.000      0.0000      0.0000      0.0000        14-1     2.50000
          14     3.00000        LIVE   LinStatic      -7.314       0.000       0.000      0.0000      0.0000      0.0000        14-1     3.00000
          14     3.50000        LIVE   LinStatic      -7.314       0.000       0.000      0.0000      0.0000      0.0000        14-1     3.50000
          14     4.00000        LIVE   LinStatic      -7.314       0.000       0.000      0.0000      0.0000      0.0000        14-1     4.00000
          15     0.00000        LIVE   LinStatic       2.739       0.000       0.000      0.0000      0.0000      0.0000        15-1     0.00000
          15     0.50000        LIVE   LinStatic       2.739       0.000       0.000      0.0000      0.0000      0.0000        15-1     0.50000
          15     1.00000        LIVE   LinStatic       2.739       0.000       0.000      0.0000      0.0000      0.0000        15-1     1.00000
          15     1.50000        LIVE   LinStatic       2.739       0.000       0.000      0.0000      0.0000      0.0000        15-1     1.50000
          15     2.00000        LIVE   LinStatic       2.739       0.000       0.000      0.0000      0.0000      0.0000        15-1     2.00000
          15     2.50000        LIVE   LinStatic       2.739       0.000       0.000      0.0000      0.0000      0.0000        15-1     2.50000
          15     3.00000        LIVE   LinStatic       2.739       0.000       0.000      0.0000      0.0000      0.0000        15-1     3.00000
          15     3.50000        LIVE   LinStatic       2.739       0.000       0.000      0.0000      0.0000      0.0000        15-1     3.50000
          15     4.00000        LIVE   LinStatic       2.739       0.000       0.000      0.0000      0.0000      0.0000        15-1     4.00000
          16     0.00000        LIVE   LinStatic      -2.259       0.000       0.000      0.0000      0.0000      0.0000        16-1     0.00000
          16     0.50000        LIVE   LinStatic      -2.259       0.000       0.000      0.0000      0.0000      0.0000        16-1     0.50000
          16     1.00000        LIVE   LinStatic      -2.259       0.000       0.000      0.0000      0.0000      0.0000        16-1     1.00000
          16     1.50000        LIVE   LinStatic      -2.259       0.000       0.000      0.0000      0.0000      0.0000        16-1     1.50000
          16     2.00000        LIVE   LinStatic      -2.259       0.000       0.000      0.0000      0.0000      0.0000        16-1     2.00000
          16     2.50000        LIVE   LinStatic      -2.259       0.000       0.000      0.0000      0.0000      0.0000        16-1     2.50000
          16     3.00000        LIVE   LinStatic      -2.259       0.000       0.000      0.0000      0.0000      0.0000        16-1     3.00000
          16     3.50000        LIVE   LinStatic      -2.259       0.000       0.000      0.0000      0.0000      0.0000        16-1     3.50000
          16     4.00000        LIVE   LinStatic      -2.259       0.000       0.000      0.0000      0.0000      0.0000        16-1     4.00000
          17     0.00000        LIVE   LinStatic      -3.875       0.000       0.000      0.0000      0.0000      0.0000        17-1     0.00000
          17     2.82843        LIVE   LinStatic      -3.875       0.000       0.000      0.0000      0.0000      0.0000        17-1     2.82843
          17     5.65685        LIVE   LinStatic      -3.875       0.000       0.000      0.0000      0.0000      0.0000        17-1     5.65685
          18     0.00000        LIVE   LinStatic      -3.796       0.000       0.000      0.0000      0.0000      0.0000        18-1     0.00000
          18     2.82843        LIVE   LinStatic      -3.796       0.000       0.000      0.0000      0.0000      0.0000        18-1     2.82843
          18     5.65685        LIVE   LinStatic      -3.796       0.000       0.000      0.0000      0.0000      0.0000        18-1     5.65685
          19     0.00000        LIVE   LinStatic      -0.678       0.000       0.000      0.0000      0.0000      0.0000        19-1     0.00000
          19     2.82843        LIVE   LinStatic      -0.678       0.000       0.000      0.0000      0.0000      0.0000        19-1     2.82843
          19     5.65685        LIVE   LinStatic      -0.678       0.000       0.000      0.0000      0.0000      0.0000        19-1     5.65685
          20     0.00000        LIVE   LinStatic       3.275       0.000       0.000      0.0000      0.0000      0.0000        20-1     0.00000
          20     2.82843        LIVE   LinStatic       3.275       0.000       0.000      0.0000      0.0000      0.0000        20-1     2.82843
          20     5.65685        LIVE   LinStatic       3.275       0.000       0.000      0.0000      0.0000      0.0000        20-1     5.65685
          21     0.00000        LIVE   LinStatic       3.196       0.000       0.000      0.0000      0.0000      0.0000        21-1     0.00000
          21     2.82843        LIVE   LinStatic       3.196       0.000       0.000      0.0000      0.0000      0.0000        21-1     2.82843
          21     5.65685        LIVE   LinStatic       3.196       0.000       0.000      0.0000      0.0000      0.0000        21-1     5.65685
          22     0.00000        LIVE   LinStatic       3.196       0.000       0.000      0.0000      0.0000      0.0000        22-1     0.00000
          22     2.82843        LIVE   LinStatic       3.196       0.000       0.000      0.0000      0.0000      0.0000        22-1     2.82843
          22     5.65685        LIVE   LinStatic       3.196       0.000       0.000      0.0000      0.0000      0.0000        22-1     5.65685
          23     0.00000        LIVE   LinStatic       3.275       0.000       0.000      0.0000      0.0000      0.0000        23-1     0.00000
          23     2.82843        LIVE   LinStatic       3.275       0.000       0.000      0.0000      0.0000      0.0000        23-1     2.82843
          23     5.65685        LIVE   LinStatic       3.275       0.000       0.000      0.0000      0.0000      0.0000        23-1     5.65685
          24     0.00000        LIVE   LinStatic      -0.678       0.000       0.000      0.0000      0.0000      0.0000        24-1     0.00000
          24     2.82843        LIVE   LinStatic      -0.678       0.000       0.000      0.0000      0.0000      0.0000        24-1     2.82843
          24     5.65685        LIVE   LinStatic      -0.678       0.000       0.000      0.0000      0.0000      0.0000        24-1     5.65685
          25     0.00000        LIVE   LinStatic      -3.796       0.000       0.000      0.0000      0.0000      0.0000        25-1     0.00000
          25     2.82843        LIVE   LinStatic      -3.796       0.000       0.000      0.0000      0.0000      0.0000        25-1     2.82843
          25     5.65685        LIVE   LinStatic      -3.796       0.000       0.000      0.0000      0.0000      0.0000        25-1     5.65685
          26     0.00000        LIVE   LinStatic      -3.875       0.000       0.000      0.0000      0.0000      0.0000        26-1     0.00000
          26     2.82843        LIVE   LinStatic      -3.875       0.000       0.000      0.0000      0.0000      0.0000        26-1     2.82843
          26     5.65685        LIVE   LinStatic      -3.875       0.000       0.000      0.0000      0.0000      0.0000        26-1     5.65685


Table:  Joint Displacements

       Joint  OutputCase    CaseType          U1          U2          U3          R1          R2          R3
                                               m           m           m     Radians     Radians     Radians

           1        LIVE   LinStatic    0.000000    0.000000    0.000000    0.000000    0.000000    0.000000
           2        LIVE   LinStatic    0.000548    0.000000   -0.007182    0.000000    0.000000    0.000000
           3        LIVE   LinStatic    0.002084    0.000000   -0.011869    0.000000    0.000000    0.000000
           4        LIVE   LinStatic    0.004180    0.000000   -0.011869    0.000000    0.000000    0.000000
           5        LIVE   LinStatic    0.005717    0.000000   -0.007182    0.000000    0.000000    0.000000
           6        LIVE   LinStatic    0.006264    0.000000    0.000000    0.000000    0.000000    0.000000
           7        LIVE   LinStatic    0.005999    0.000000   -0.000452    0.000000    0.000000    0.000000
           8        LIVE   LinStatic    0.005547    0.000000   -0.007097    0.000000    0.000000    0.000000
           9        LIVE   LinStatic    0.004084    0.000000   -0.012236    0.000000    0.000000    0.000000
          10        LIVE   LinStatic    0.002180    0.000000   -0.012236    0.000000    0.000000    0.000000
          11        LIVE   LinStatic    0.000717    0.000000   -0.007097    0.000000    0.000000    0.000000
          12        LIVE   LinStatic    0.000266    0.000000   -0.000452    0.000000    0.000000    0.000000


Table:  Joint Reactions

       Joint  OutputCase    CaseType          F1          F2          F3          M1          M2          M3
                                              KN          KN          KN        KN-m        KN-m        KN-m

           1        LIVE   LinStatic   2.887E-14       0.000       5.000      0.0000      0.0000      0.0000
           6        LIVE   LinStatic       0.000       0.000       5.000      0.0000      0.0000      0.0000


