SAP2000 v16.1.1    5/1/14 0:27:20

Table:  Element Forces - Frames

       Frame     Station  OutputCase    CaseType           P          V2          V3           T          M2          M3   FrameElem ElemStation
                       m                                  KN          KN          KN        KN-m        KN-m        KN-m                       m

           1     0.00000        DEAD   LinStatic       4.603       5.948       0.000      0.0000      0.0000     23.5299         1-1     0.00000
           1     0.50000        DEAD   LinStatic       4.603       5.948       0.000      0.0000      0.0000     20.5560         1-1     0.50000
           1     1.00000        DEAD   LinStatic       4.603       5.948       0.000      0.0000      0.0000     17.5821         1-1     1.00000
           1     1.50000        DEAD   LinStatic       4.603       5.948       0.000      0.0000      0.0000     14.6082         1-1     1.50000
           1     2.00000        DEAD   LinStatic       4.603       5.948       0.000      0.0000      0.0000     11.6344         1-1     2.00000
           1     2.50000        DEAD   LinStatic       4.603       5.948       0.000      0.0000      0.0000      8.6605         1-1     2.50000
           1     3.00000        DEAD   LinStatic       4.603       5.948       0.000      0.0000      0.0000      5.6866         1-1     3.00000
           1     3.50000        DEAD   LinStatic       4.603       5.948       0.000      0.0000      0.0000      2.7127         1-1     3.50000
           1     4.00000        DEAD   LinStatic       4.603       5.948       0.000      0.0000      0.0000     -0.2612         1-1     4.00000
           1     4.50000        DEAD   LinStatic       4.603       5.948       0.000      0.0000      0.0000     -3.2351         1-1     4.50000
           1     5.00000        DEAD   LinStatic       4.603       5.948       0.000      0.0000      0.0000     -6.2089         1-1     5.00000
           1     5.50000        DEAD   LinStatic       4.603       5.948       0.000      0.0000      0.0000     -9.1828         1-1     5.50000
           1     6.00000        DEAD   LinStatic       4.603       5.948       0.000      0.0000      0.0000    -12.1567         1-1     6.00000
           1     6.50000        DEAD   LinStatic       4.603       5.948       0.000      0.0000      0.0000    -15.1306         1-1     6.50000
           1     7.00000        DEAD   LinStatic       4.603       5.948       0.000      0.0000      0.0000    -18.1045         1-1     7.00000
           1     7.50000        DEAD   LinStatic       4.603       5.948       0.000      0.0000      0.0000    -21.0784         1-1     7.50000
           1     8.00000        DEAD   LinStatic       4.603       5.948       0.000      0.0000      0.0000    -24.0522         1-1     8.00000
           1     8.50000        DEAD   LinStatic       4.603       5.948       0.000      0.0000      0.0000    -27.0261         1-1     8.50000
           1     9.00000        DEAD   LinStatic       4.603       5.948       0.000      0.0000      0.0000    -30.0000         1-1     9.00000
           1     9.50000        DEAD   LinStatic       4.603       5.948       0.000      0.0000      0.0000    -32.9739         1-1     9.50000
           1    10.00000        DEAD   LinStatic       4.603       5.948       0.000      0.0000      0.0000    -35.9478         1-1    10.00000
           1    10.50000        DEAD   LinStatic       4.603       5.948       0.000      0.0000      0.0000    -38.9216         1-1    10.50000
           1    11.00000        DEAD   LinStatic       4.603       5.948       0.000      0.0000      0.0000    -41.8955         1-1    11.00000
           1    11.50000        DEAD   LinStatic       4.603       5.948       0.000      0.0000      0.0000    -44.8694         1-1    11.50000
           1    12.00000        DEAD   LinStatic       4.603       5.948       0.000      0.0000      0.0000    -47.8433         1-1    12.00000
           2     0.00000        DEAD   LinStatic      -4.603     -10.000       0.000      0.0000      0.0000    -47.8433         2-1     0.00000
           2     0.50000        DEAD   LinStatic      -4.603     -10.000       0.000      0.0000      0.0000    -42.8433         2-1     0.50000
           2     1.00000        DEAD   LinStatic      -4.603     -10.000       0.000      0.0000      0.0000    -37.8433         2-1     1.00000
           2     1.50000        DEAD   LinStatic      -4.603     -10.000       0.000      0.0000      0.0000    -32.8433         2-1     1.50000
           2     2.00000        DEAD   LinStatic      -4.603     -10.000       0.000      0.0000      0.0000    -27.8433         2-1     2.00000
           2     2.50000        DEAD   LinStatic      -4.603     -10.000       0.000      0.0000      0.0000    -22.8433         2-1     2.50000
           2     3.00000        DEAD   LinStatic      -4.603     -10.000       0.000      0.0000      0.0000    -17.8433         2-1     3.00000
           2     3.50000        DEAD   LinStatic      -4.603     -10.000       0.000      0.0000      0.0000    -12.8433         2-1     3.50000
           2     4.00000        DEAD   LinStatic      -4.603     -10.000       0.000      0.0000      0.0000     -7.8433         2-1     4.00000
           2     4.50000        DEAD   LinStatic      -4.603     -10.000       0.000      0.0000      0.0000     -2.8433         2-1     4.50000
           2     5.00000        DEAD   LinStatic      -4.603     -10.000       0.000      0.0000      0.0000      2.1567         2-1     5.00000
           2     5.50000        DEAD   LinStatic      -4.603     -10.000       0.000      0.0000      0.0000      7.1567         2-1     5.50000
           2     6.00000        DEAD   LinStatic      -4.603     -10.000       0.000      0.0000      0.0000     12.1567         2-1     6.00000
           2     6.50000        DEAD   LinStatic      -4.603     -10.000       0.000      0.0000      0.0000     17.1567         2-1     6.50000
           2     7.00000        DEAD   LinStatic      -4.603     -10.000       0.000      0.0000      0.0000     22.1567         2-1     7.00000
           2     7.50000        DEAD   LinStatic      -4.603     -10.000       0.000      0.0000      0.0000     27.1567         2-1     7.50000
           2     8.00000        DEAD   LinStatic      -4.603     -10.000       0.000      0.0000      0.0000     32.1567         2-1     8.00000
           2     8.50000        DEAD   LinStatic      -4.603     -10.000       0.000      0.0000      0.0000     37.1567         2-1     8.50000
           2     9.00000        DEAD   LinStatic      -4.603     -10.000       0.000      0.0000      0.0000     42.1567         2-1     9.00000
           2     9.50000        DEAD   LinStatic      -4.603     -10.000       0.000      0.0000      0.0000     47.1567         2-1     9.50000
           2    10.00000        DEAD   LinStatic      -4.603     -10.000       0.000      0.0000      0.0000     52.1567         2-1    10.00000
           2    10.50000        DEAD   LinStatic      -4.603     -10.000       0.000      0.0000      0.0000     57.1567         2-1    10.50000
           2    11.00000        DEAD   LinStatic      -4.603     -10.000       0.000      0.0000      0.0000     62.1567         2-1    11.00000
           2    11.50000        DEAD   LinStatic      -4.603     -10.000       0.000      0.0000      0.0000     67.1567         2-1    11.50000
           2    12.00000        DEAD   LinStatic      -4.603     -10.000       0.000      0.0000      0.0000     72.1567         2-1    12.00000
           2    12.00000        DEAD   LinStatic      -4.603      10.000       0.000      0.0000      0.0000     72.1567         2-1    12.00000
           2    12.50000        DEAD   LinStatic      -4.603      10.000       0.000      0.0000      0.0000     67.1567         2-1    12.50000
           2    13.00000        DEAD   LinStatic      -4.603      10.000       0.000      0.0000      0.0000     62.1567         2-1    13.00000
           2    13.50000        DEAD   LinStatic      -4.603      10.000       0.000      0.0000      0.0000     57.1567         2-1    13.50000
           2    14.00000        DEAD   LinStatic      -4.603      10.000       0.000      0.0000      0.0000     52.1567         2-1    14.00000
           2    14.50000        DEAD   LinStatic      -4.603      10.000       0.000      0.0000      0.0000     47.1567         2-1    14.50000
           2    15.00000        DEAD   LinStatic      -4.603      10.000       0.000      0.0000      0.0000     42.1567         2-1    15.00000
           2    15.50000        DEAD   LinStatic      -4.603      10.000       0.000      0.0000      0.0000     37.1567         2-1    15.50000
           2    16.00000        DEAD   LinStatic      -4.603      10.000       0.000      0.0000      0.0000     32.1567         2-1    16.00000
           2    16.50000        DEAD   LinStatic      -4.603      10.000       0.000      0.0000      0.0000     27.1567         2-1    16.50000
           2    17.00000        DEAD   LinStatic      -4.603      10.000       0.000      0.0000      0.0000     22.1567         2-1    17.00000
           2    17.50000        DEAD   LinStatic      -4.603      10.000       0.000      0.0000      0.0000     17.1567         2-1    17.50000
           2    18.00000        DEAD   LinStatic      -4.603      10.000       0.000      0.0000      0.0000     12.1567         2-1    18.00000
           2    18.50000        DEAD   LinStatic      -4.603      10.000       0.000      0.0000      0.0000      7.1567         2-1    18.50000
           2    19.00000        DEAD   LinStatic      -4.603      10.000       0.000      0.0000      0.0000      2.1567         2-1    19.00000
           2    19.50000        DEAD   LinStatic      -4.603      10.000       0.000      0.0000      0.0000     -2.8433         2-1    19.50000
           2    20.00000        DEAD   LinStatic      -4.603      10.000       0.000      0.0000      0.0000     -7.8433         2-1    20.00000
           2    20.50000        DEAD   LinStatic      -4.603      10.000       0.000      0.0000      0.0000    -12.8433         2-1    20.50000
           2    21.00000        DEAD   LinStatic      -4.603      10.000       0.000      0.0000      0.0000    -17.8433         2-1    21.00000
           2    21.50000        DEAD   LinStatic      -4.603      10.000       0.000      0.0000      0.0000    -22.8433         2-1    21.50000
           2    22.00000        DEAD   LinStatic      -4.603      10.000       0.000      0.0000      0.0000    -27.8433         2-1    22.00000
           2    22.50000        DEAD   LinStatic      -4.603      10.000       0.000      0.0000      0.0000    -32.8433         2-1    22.50000
           2    23.00000        DEAD   LinStatic      -4.603      10.000       0.000      0.0000      0.0000    -37.8433         2-1    23.00000
           2    23.50000        DEAD   LinStatic      -4.603      10.000       0.000      0.0000      0.0000    -42.8433         2-1    23.50000
           2    24.00000        DEAD   LinStatic      -4.603      10.000       0.000      0.0000      0.0000    -47.8433         2-1    24.00000
           3     0.00000        DEAD   LinStatic       4.603      -5.948       0.000      0.0000      0.0000    -47.8433         3-1     0.00000
           3     0.50000        DEAD   LinStatic       4.603      -5.948       0.000      0.0000      0.0000    -44.8694         3-1     0.50000
           3     1.00000        DEAD   LinStatic       4.603      -5.948       0.000      0.0000      0.0000    -41.8955         3-1     1.00000
           3     1.50000        DEAD   LinStatic       4.603      -5.948       0.000      0.0000      0.0000    -38.9216         3-1     1.50000
           3     2.00000        DEAD   LinStatic       4.603      -5.948       0.000      0.0000      0.0000    -35.9478         3-1     2.00000
           3     2.50000        DEAD   LinStatic       4.603      -5.948       0.000      0.0000      0.0000    -32.9739         3-1     2.50000
           3     3.00000        DEAD   LinStatic       4.603      -5.948       0.000      0.0000      0.0000    -30.0000         3-1     3.00000
           3     3.50000        DEAD   LinStatic       4.603      -5.948       0.000      0.0000      0.0000    -27.0261         3-1     3.50000
           3     4.00000        DEAD   LinStatic       4.603      -5.948       0.000      0.0000      0.0000    -24.0522         3-1     4.00000
           3     4.50000        DEAD   LinStatic       4.603      -5.948       0.000      0.0000      0.0000    -21.0784         3-1     4.50000
           3     5.00000        DEAD   LinStatic       4.603      -5.948       0.000      0.0000      0.0000    -18.1045         3-1     5.00000
           3     5.50000        DEAD   LinStatic       4.603      -5.948       0.000      0.0000      0.0000    -15.1306         3-1     5.50000
           3     6.00000        DEAD   LinStatic       4.603      -5.948       0.000      0.0000      0.0000    -12.1567         3-1     6.00000
           3     6.50000        DEAD   LinStatic       4.603      -5.948       0.000      0.0000      0.0000     -9.1828         3-1     6.50000
           3     7.00000        DEAD   LinStatic       4.603      -5.948       0.000      0.0000      0.0000     -6.2089         3-1     7.00000
           3     7.50000        DEAD   LinStatic       4.603      -5.948       0.000      0.0000      0.0000     -3.2351         3-1     7.50000
           3     8.00000        DEAD   LinStatic       4.603      -5.948       0.000      0.0000      0.0000     -0.2612         3-1     8.00000
           3     8.50000        DEAD   LinStatic       4.603      -5.948       0.000      0.0000      0.0000      2.7127         3-1     8.50000
           3     9.00000        DEAD   LinStatic       4.603      -5.948       0.000      0.0000      0.0000      5.6866         3-1     9.00000
           3     9.50000        DEAD   LinStatic       4.603      -5.948       0.000      0.0000      0.0000      8.6605         3-1     9.50000
           3    10.00000        DEAD   LinStatic       4.603      -5.948       0.000      0.0000      0.0000     11.6344         3-1    10.00000
           3    10.50000        DEAD   LinStatic       4.603      -5.948       0.000      0.0000      0.0000     14.6082         3-1    10.50000
           3    11.00000        DEAD   LinStatic       4.603      -5.948       0.000      0.0000      0.0000     17.5821         3-1    11.00000
           3    11.50000        DEAD   LinStatic       4.603      -5.948       0.000      0.0000      0.0000     20.5560         3-1    11.50000
           3    12.00000        DEAD   LinStatic       4.603      -5.948       0.000      0.0000      0.0000     23.5299         3-1    12.00000
           4     0.00000        DEAD   LinStatic     -18.414       0.000       0.000      0.0000      0.0000      0.0000         4-1     0.00000
           4     5.77338        DEAD   LinStatic     -18.414       0.000       0.000      0.0000      0.0000      0.0000         4-1     5.77338
           4    11.54675        DEAD   LinStatic     -18.414       0.000       0.000      0.0000      0.0000      0.0000         4-1    11.54675
           5     0.00000        DEAD   LinStatic     -18.414       0.000       0.000      0.0000      0.0000      0.0000         5-1     0.00000
           5     5.77338        DEAD   LinStatic     -18.414       0.000       0.000      0.0000      0.0000      0.0000         5-1     5.77338
           5    11.54675        DEAD   LinStatic     -18.414       0.000       0.000      0.0000      0.0000      0.0000         5-1    11.54675


Table:  Joint Displacements

       Joint  OutputCase    CaseType          U1          U2          U3          R1          R2          R3
                                               m           m           m     Radians     Radians     Radians

           1        DEAD   LinStatic    0.000000    0.000000    0.000000    0.000000    0.000000    0.000000
           2        DEAD   LinStatic    0.000018    0.000000   -0.000133    0.000000    0.001042    0.000000
           4        DEAD   LinStatic   -0.000018    0.000000   -0.000133    0.000000   -0.001042    0.000000
           5        DEAD   LinStatic    0.000000    0.000000    0.000000    0.000000    0.000000    0.000000
           6        DEAD   LinStatic    0.000000    0.000000    0.000000    0.000000    0.000000    0.000000
           7        DEAD   LinStatic    0.000000    0.000000    0.000000    0.000000    0.000000    0.000000


Table:  Joint Reactions

       Joint  OutputCase    CaseType          F1          F2          F3          M1          M2          M3
                                              KN          KN          KN        KN-m        KN-m        KN-m

           1        DEAD   LinStatic      -4.603       0.000      -5.948      0.0000     23.5299      0.0000
           5        DEAD   LinStatic       4.603       0.000      -5.948      0.0000    -23.5299      0.0000
           6        DEAD   LinStatic       9.207       0.000      15.948      0.0000      0.0000      0.0000
           7        DEAD   LinStatic      -9.207       0.000      15.948      0.0000      0.0000      0.0000


