STRUCTURAL ANALYSIS REPORT
Model: Example1_Case1_Truss
Load Case:  (LC1)
============================================================

1. NODAL DISPLACEMENTS
------------------------------------------------------------
Node     UX (m)          UY (m)          RZ (rad)       
1        0.000000e+00    0.000000e+00    0.000000e+00   
2        5.479578e-04    -7.182653e-03   0.000000e+00   
3        2.084836e-03    -1.187085e-02   0.000000e+00   
4        4.180752e-03    -1.187085e-02   0.000000e+00   
5        5.717630e-03    -7.182653e-03   0.000000e+00   
6        6.265588e-03    0.000000e+00    0.000000e+00   
7        6.000000e-03    -4.520422e-04   0.000000e+00   
8        5.547958e-03    -7.097817e-03   0.000000e+00   
9        4.084836e-03    -1.223805e-02   0.000000e+00   
10       2.180752e-03    -1.223805e-02   0.000000e+00   
11       7.176297e-04    -7.097817e-03   0.000000e+00   
12       2.655876e-04    -4.520422e-04   0.000000e+00   

2. MEMBER LOCAL END FORCES
--------------------------------------------------------------------------------
Element  Node  Axial (kN)       Shear (kN)       Moment (kN-m)
--------------------------------------------------------------------------------
T1       1    -2.7398          0.0000           0.0000          
         2    2.7398           0.0000           0.0000          
--------------------------------------------------------------------------------
T10      11   2.2602           0.0000           0.0000          
         12   -2.2602          0.0000           0.0000          
--------------------------------------------------------------------------------
T11      1    2.2602           0.0000           0.0000          
         7    -2.2602          0.0000           0.0000          
--------------------------------------------------------------------------------
T12      2    -0.4242          0.0000           0.0000          
         8    0.4242           0.0000           0.0000          
--------------------------------------------------------------------------------
T13      3    1.8360           0.0000           0.0000          
         9    -1.8360          0.0000           0.0000          
--------------------------------------------------------------------------------
T14      4    1.8360           0.0000           0.0000          
         10   -1.8360          0.0000           0.0000          
--------------------------------------------------------------------------------
T15      5    -0.4242          0.0000           0.0000          
         11   0.4242           0.0000           0.0000          
--------------------------------------------------------------------------------
T16      6    2.2602           0.0000           0.0000          
         12   -2.2602          0.0000           0.0000          
--------------------------------------------------------------------------------
T17      1    3.8746           0.0000           0.0000          
         8    -3.8746          0.0000           0.0000          
--------------------------------------------------------------------------------
T18      2    -3.1964          0.0000           0.0000          
         7    3.1964           0.0000           0.0000          
--------------------------------------------------------------------------------
T19      2    3.7963           0.0000           0.0000          
         9    -3.7963          0.0000           0.0000          
--------------------------------------------------------------------------------
T2       2    -7.6844          0.0000           0.0000          
         3    7.6844           0.0000           0.0000          
--------------------------------------------------------------------------------
T20      3    -3.2748          0.0000           0.0000          
         8    3.2748           0.0000           0.0000          
--------------------------------------------------------------------------------
T21      3    0.6782           0.0000           0.0000          
         10   -0.6782          0.0000           0.0000          
--------------------------------------------------------------------------------
T22      4    0.6782           0.0000           0.0000          
         9    -0.6782          0.0000           0.0000          
--------------------------------------------------------------------------------
T23      4    -3.2748          0.0000           0.0000          
         11   3.2748           0.0000           0.0000          
--------------------------------------------------------------------------------
T24      5    3.7963           0.0000           0.0000          
         10   -3.7963          0.0000           0.0000          
--------------------------------------------------------------------------------
T25      5    -3.1964          0.0000           0.0000          
         12   3.1964           0.0000           0.0000          
--------------------------------------------------------------------------------
T26      6    3.8746           0.0000           0.0000          
         11   -3.8746          0.0000           0.0000          
--------------------------------------------------------------------------------
T3       3    -10.4796         0.0000           0.0000          
         4    10.4796          0.0000           0.0000          
--------------------------------------------------------------------------------
T4       4    -7.6844          0.0000           0.0000          
         5    7.6844           0.0000           0.0000          
--------------------------------------------------------------------------------
T5       5    -2.7398          0.0000           0.0000          
         6    2.7398           0.0000           0.0000          
--------------------------------------------------------------------------------
T6       7    2.2602           0.0000           0.0000          
         8    -2.2602          0.0000           0.0000          
--------------------------------------------------------------------------------
T7       8    7.3156           0.0000           0.0000          
         9    -7.3156          0.0000           0.0000          
--------------------------------------------------------------------------------
T8       9    9.5204           0.0000           0.0000          
         10   -9.5204          0.0000           0.0000          
--------------------------------------------------------------------------------
T9       10   7.3156           0.0000           0.0000          
         11   -7.3156          0.0000           0.0000          
--------------------------------------------------------------------------------

3. SUPPORT REACTIONS
------------------------------------------------------------
Node     Fx (kN)         Fy (kN)         Mz (kN-m)      
1        0.0000          5.0000          Free           
6        Free            5.0000          Free           
